439023483
439554934
316015849
61120081
743273567
525478817
618260307
316769177
1416524797
679783261
1594480001
62024035
451524934
452284244
553296981
307269752
439023491
043965548X
618346252
439023513
439358078
316166685
439064864
439139600
545010225
307277674
439785960
140283331
743477111
297859382
399155341
142000671
739326228
1612130291
61122416
385732554
60764899
965818675
553588486
143038419
786838655
451529308
142437204
553816713
770430074
1565125606
375831002
307347974
316160199
60513039
1416914285
316160202
375826696
345391802
60929871
031606792X
142001740
142437174
64410935
1400032717
1594633665
679879242
393978893
743454537
385333846
446675539
1594489505
671027344
7442912
812550706
141439475
450040186
316068047
142402516
014028009X
141439661
439244196
307275558
143039954
156012197
074324754X
385486804
141439602
030734813X
60256656
385338600
374500010
014241493X
345418263
014038572X
385737947
61234001
517189607
60531045
375751513
345803507
393970124
307269981
1612130585
60786507
349113912
99408392
140449264
307265439
7524277

446693804
440241413
451525264
553381695
143037145
670026603
684833395
751529818
312422156
143039563
440498058
143038095
038549081X
385729332

60987103
582418275
316098337
521618746
340839937
316346624
1451648537
451163966
684830493
142000663
1401308589
451528824
1416914307
055357342X
006075995X
440242940
142437263
1594744769
030726999X
804139024
451207149
1476746583
1400064163
671027387
316055433
1595141715
452287022
525421033
312353766
786856866
446528056
1416914293
743477103
618346260
031232118X
394800168
142403881
1423101464
192833596
345339738

142311339X
1250012570
055358202X
525423648
747263744
385199570
446547565
552151696
141439580
345803922
393312836
964729237
739380338
451169514
143058142
61148512
7205236
553208845
679745580
316042676
1416975861
141301066
385534639
743227441
689865384

618640150
307592731
930289234
075640407X
316017922
142437247
385340990
393327345
441008534
671727796
739461192
312330871
385504225
1416989412

1561797464
345476875
62059939
312362080
1400052173
99446782
159514174X
316010669
038572179X
553213695
141382899
030788743X
1554681723
739303406
425263908
66238501
316043133
1558743669
752864327
786817879
385738935
142000655
307341569
385339089
312291639
451527747
192802631
312370830
452284694
140003468X
014131088X
399159347
385494785
1416524304
031242227X
307346609
385537859
440227534
446692638
450417395
307341542
439366771
312360266
743269519
743477545
618711651
375869026
039480001X
312641893
316206849
545123267
452011876
143038257
517223627
143034901
385738757

767900383
399167064
590920685
743297334
61120073
446677388
312577222
1400078776
786890754
1844080382
156030306
552995878
812968069
451205766
525476881
553803719
62255657
60513063
751565350
61726834
385339704
61139378
60853980
140042598
1476729085
446579939
451191153
425172902
038039586X
307886263
375414495
006112527X
753453800
1423140591
1451627289
241003008
140285601
451528557
849946158
385751060
1892295490
044654759X
1582701709
60987561
1416524347
671021001
756404738
440241901
1442403543
743418174
380018179
60530928
1451681739
439709105
91883768
307279464
553279378
61950726
1442416866
316204277
375806814
60557818
571224385

552135399
316182540
039925675X
743496728
1401323251
812511816
61150142
60764902
595440096
425263916
375814248
446696617
345453743
340896965
60775858
61969559
140275363
316228532
385339690
316777730
375840400
140621679
000720230X

450031063
679785892
1416975888
62268341
743477553
1400033411
015206396X
439206472
449213943
679805273
159463176X
345404475
141439742
60652896
525423273
7173040
1401207928
743223136
553384287
679879250
439488400
1423113381
441788386
965904830
141311371
076790818X
439227143
385738773
61142026
618485228
670022411
375704027
446672211
525421580
307276902
1595141758
307352145
440439884
142437336
689840926
076531178X
451528956
679889108
810993139
1599906953
1595141979
684803356
345505336
140120831
60838582
747599874
441569595
99910101
553212281
1590302257
385344228
385334206
874774241
60838728
739467352
375508414
385474547
385338694
1881273156

1416589643
031253275X
590032496
743298020
1595142509
1595141987
446676071
345521307
545044251
62059963
156001314
1416914633
802130208
158049580X
1423140605
60855924
1400079276
525945563
553803700
451216954
1416989439
61726818
679457313
670024783
141043768
553380168
525951652
1439148503
553380958
670061050
525467564
62060554
1420925539
375826726
310276993
312360282
451457811
1593082649
399162410
802142842
60245867
312323867
822210894
751537284
385353308
1476738017
1406321346
1416500189
140135154
385335970

743495667
345368584
1594489580
61120065
439321603
316322407
141439807
080701429X
670038601
618680004
525422943
345915593
515141429
375757325
937832383
440238153
765346524
1439153663
316769029
385720920
374528373
375822747
60541814
451933028
000100039X
394541553
312379838
812550757
684823780
1400031702
375725784
553381679
439228905
192833987
679735771
613371658
1400034779
1582406723
451457994
1590525132
842342702
62059998
545265355
805063897
593053893
812517725
743477154
385074077
553256696
192835084
553381547
312282990
802798233
805072454
689865392
965341984
739465511
375507256
767902890
1844137872
006197806X
307277887
1841493007
765305119
141439491
743482751
393320979
1401207529
62409859
316143472
316134023
1409151174
1400069289
679751521
1301949825
142437018
142406252
439861365
1595143068
64400026
380002558
60589469
375759239
60887303
670241334
1594200823
316176486
446696129
045057458X
385335997
393315053
307348245
747560595
441012183
141439599
192840398
394820371
765326353
1841493015
078685197X
765316889

034552554X
156389341X
446617792
1573225517
446696110
385721676
60574216
60899220
99244721
486266893
374480095
2253147699
1713221
071483355X
312642962
751532711
1442426640
670020559
1421501686
689875347
60529709
752863886
425266745
140439447
316013684
679760806
553383043
763616052
743253973
385339607
142437239
6480098
345418921
385739141
723247706
64405044
765316897
679746048
61173398
743278909
1481426303
920668372
1416524517
067002581X
618391118
451210859
330449605
99428644
142501557
743275012
385523386
451528018
374275637
345350499
689841582
446612707
1476754454
441014941
375706771
395389496
140544518
425134350
61124265
385349947
441013333
62085484
441783589
385342063
1857993284
316134112
553278223
307592839
753454947
61015725
7202326
525950079
312360304

60874163
140424385
312348649
375856110
307593312
1840224029
60809248
441014917
156007754
374158460
142421715
1423100034
1416562591
1841156736
1921351438
60541830
689711735
618101365
60838655
679745653
345504968
60515198
670011940
159420571X
553383809
451155750
646418432
425200450
307271080
446611085
451167805
425263924
307266303
1616203218
590133373
1585424331
60885378
765356155
446696137
1423146727
61448761
446615862
743226720
330419129
61928127
307237699
743455967
312364083
345418972
312348673
316206873
345476883
62049801
374533571
076072850X
743272498
151009988
1843913720
067102423X
786226749
451190750
014044906X
60739495
60589280
316767727
031610969X
1416912045
385335989
399256768
074348276X
435233076
446579920
545422906

452287588
1591164419
1451666179
812513738
192076920X
441015891
670032565
451188454
375408266
805047905
553283685
142000698
61007226
031612558X
067976402X
440174643
930289455
679732764
374105235
689862202
751514624
60529962
143035479

380813815
1577314808
399159010
553804677
64471837
441017150
1439102767
1620610078
345418905
1619630621
1932664084
1416586288
61020680
373210086
067168390X
393324826
1595143173
765342405
385342020
340606517
452287065
1416563687
345350685
1563892278
345465083
038073186X
553328255
198320272
307408841
140449140
074347757X
312642970
006621131X
714836257
767905180
451527887
140003065X
836220889
689865406
543898083
031237982X
1401303277
425144372
60513098
61992704
2020336464
553803727
1878424505
743296435
394709306
744583276
1476727651
140285679

1434768511
7173687

553213873
052595127X
446563080
1591826039
743482832
1905654944
340829788
385351399
439813786
60776099
1591169151
778316556

1250049377
1905654588
375706674
7230206
006441034X
2226131906
691096120
571225381
446547654
224094157
312938993
1580495931
1400067111
143039091

037571457X
1420925431
316084239
067001088X
399151575
385339666

1569319006
812993292
307931889
312861877
743477561
440178002
451219368
1619634449
345803574
068983568X
545132053
151010269
140286276
345457374
60288140
374214913
743496310

590452037
99285444
743482778
385732562
014240120X
345539788
316033677
812474945
1476712980
765326361
076360013X
440221668
450042685
1400064562
393328627
142402494
1933372605
743270754
441018645
679720219
439206480
145162137X
61214655
039515023X
525457585
571212921
1884365302
61662690
684853949
006074815X
1860498809
1594747350
375727345
356500152
067973225X
747532036
451218043
553803735
451458125
316204366
1591169208
61020648
1400078431
006112429X
1857231589
345419626
159308143X
199291152
142001430
446612731
452281253
1936305623
689707495
1400068932
425227510
074349671X
1423140567
765348276
831727527
140255559
684818701
60510862
8497597729
812971060
575079797
786851473
743225422
1607747308
385755880
671011367
552562521
374203059
61120251
1476789630
689865198
545424925
031286504X
140006208X
081299499X
66620996
803734611

439236193
141651693X
440238609
1480095532
006222543X
525426582
312305060
1623420024
316191299
451188462
385739168
385742886
144477851X
375726403
1857232097
803734964
009928264X
385338708
1416524525
316070521
440241812
393316041
545123283
553609416
142437344
765302306
451529170

385339100
345538374
146109111X
446350982
045052468X
316001929
374292795
385743564
1558580093
553213970
61583251
679740678
393322238
793551617
812970063
670023485
345544927
441013813
786838922
812976142
812993543
140424393
393072231
1416524290
1406311529
765325942
553266306
307463745
525951989
739352350
679644199
312965788

312966091
1576469239
037582913X
425193799
805094598
770437850
399256776
2266079999
525423281
375703861
62107062
1582346186
61974552
1594488398
836218051
067001821X
1439152802
696215322
330491237
140282580
055381706X
670026611
6480101
345347951
763625299
60852550
1619630656
812513754
385342306
785263705
385340397
1484724917
1250069793
1607066017
316126691
99285045
1590385810
64407683
451458443
743264738
1476717486
385339097
014034893X
1594743347
316154695
679642420
671746723
810994739
804138141
62285688
1594206279
61992259
393050327
765350378
1406310255
312199430
743296419
1416521496
525423664
99578514
1400049628
440234743
1579126251
1416924981
1594201455
440995779

440241898
141439610
316349933
1416968237
312966970
1573225789
60889578
385339151
312857063
312554168
141439831
1857988841
2266047426
62414216
1563899426
142000280
446671002
803736991
525952926
385352107
033041836X
140679239X
8129104598
425197549
375836675
141439653
60855908
038560310X
380718340
385537131
312650248
1583485090
152061548
713998946
800759494
1455520659
679776192
312995059
743496744
312423799
446613347
1101946342
441172695
6280560
1416528636
517092913
316075809

767905202
553213172
140047484
140620192
1451629184

752224417
62014536
812550285
192840509
679728759
1442426675
751504386
99437961
8129115301
1421508222
451458923
345484266
618968474

014100018X
553116606
771068719
1936305550
192839993
1400063736
141321318
440236703

1423121309
761169253
60512806
1476730105
60959037
452282829
006097625X
316077054
1594485755
743454553
330419641
312976275
1401322786
60590270
393324818
078681859X
446580503
688014291
553258478
068484477X
394758285
014200068X
446585025
439272637
316175676

810970686
679433139
1405204265
1620610116
62085530
812968972

385354282
081299860X
1582349908
60584750
99549344
451528352
340837942
670021458
330371231
1781162646
1612620248
068480154X
038531258X
811214044
1609450787
307353133
62515675
670022691
575077026
399254129
689818769
810983915
62065246

006223742X
385539258
1563899809
765330423

345452003
1442408928
451528522

61122092
1402726023
450542882
1937044963
553213148
448405202
399162097
765304740
679722769
142401773
312304358
99471426
1581345283

1594634475
440243750
64400565
380508567
375708111
64408639
312980140
61662763
451459407
152802177
575077883
345494997
312983867
60566221
446359408
375508325
1400032822
051722285X
1932416641
140003471X
582416396
805093079
307265749
142406635
067001110X
385339674
553565699
451194004
375507779
812550293
140042520
1841497126
1400067553
152058109
553804685
679734775
670018708
61245089
141318309
60278250
446612545
751504572
441104029
1841499889
1619636042
679729771
140501827
747267634
312554192
385495226
99448475
670024856
1592402038
60572965
399231900
752898477
61996165
310226058
812577566
440421705
679729526
1594487367
307265838
553375407
1416995552
373210493
439321611
395401461
451196716
60566213
385732538
451412354
385516487
316057770
446579807
1301627445
61015733
316122386
786836547
184243022X
156031663
385340540
1595143971
671250671
451459873
807508527
143123238
91940737

297854399
676979343
316601950
140283307
743464117
785819118
1891830430
61374229
345439104
876850867
679744398
1593082045
1569319014
451450523
60577312
689848919
670018864
307408868
812504690
1439177724
872863107
073380084X
1617750255
345418778
074325807X
385343833
778324338
451222350
60502932
967686563
451223292
045146091X
345539826
055215430X
61020702
316078573
62430874
575077905
1476770387
679800034
393330478
60590165
316155594
316080845
312642989
141439734
545457823
345503805
486426750
440241022
1423140575
1416552510
330448447
081257558X
451461037
451529553
618084746

441627404
552152978
385323069
618477942
006135323X

7148984
765325950
1419701762
810984911
312990227
60839783
446696633
141014083
142001805
345373944
747571775
1573221112
1400065674
385333137
62003933
385339682
1400032814
312985347
439554004
743236017
316926345
451461401
62306812
786915749
786849568
1416951172
399244557
670025593
1585421464
067084487X
61147958
679456724
385528779
312364121
385339658
316067598

1579126278
006083756X
316033650
1907411054
044669651X
307887898
1595143181
743290119
345335457
785136207
671728687
1594481938
439706408
340640146
515142247
316123528
60878061
61147931
1419702238
316033669
1416543007
1862301387
140447571
1501132938
553213296
679736379
044024191X
373210132
1576737330
812983602
786868724
1400043468
1922182109
9380658797
006117758X
375825444
974320625
670035386
765354942
380727501
451461894
1607060760
1599900734
553496646
486282228
62124269
1590388984
140298479
067976397X
446698466
767903862
192123092
812992792
345300785
375714839
449213447
451171357
385528701
786891084
64441555

765326264
1595148035
451222725
62110837

64410137
143037617
64431436
044101268X
689878559
224085611
1439199353
451225856
553288202
446698873
688120490
743246985
394800206
60885408
1501100130
61558230
316184136
60935472
1416553649
60899190
7119550
152047379
340818670
345544951
037571894X
743246071
316133973
1842430351
399244573
1423157370
60832819
1416560610
1846558913
1844082938
345501330
756410436

451229851
141001828
743289684
1400063515
345504984
374529523
553380966
60892994
1580493882
1439138311
1442409053
62300547
312864590
1580495869
544272994
765348780
7251866
440401585
043977134X
1439102724
345419634
446615625
316155608
812551478
743272501
385683421
385542364
786838930
373210183
988393506
385535144
143036378
525444440
316075558
143036696
64440206
64410129
1423116399
1250121000
345348109
425201392
786818611
553214322
1620610094
1934781630
141697170X

1453688935
679774386
1476791457
1469216000
99303744
307959856
142437808
385720106

141693586X
553380648
802140181
156389226X
385337930
441007317
142412147
1439192561
805095152
553582917
446552445
1406914835
375760377
413757102
375835318
802132758
545259088
1573226521
143145541
575096578
1416524355
192750968
141650964X
99556316
553564943
312987854
316548189
038553714X
034541005X
752865331
312364423
515128635
055380491X
045146317X
670674249
1416903569
140436588
312936222
446690457
61985848
316087378
61257095
1590387422
1455806854
307269191
1416995587
307268195
014240165X
1590860624
842377506
031613290X
057507681X
1594488843
1416534733
1563894696
811201880
785268839
1606410423
312349486

689845367
451462564
140439072
039921920X
096319254X
385733585
689832133
441015662
765328658
1423321677
380714752
1565125967
380729407
140003342X
394298667
802139256
385517874
812565959

307021343
440235596
1587263890

1423100050
441014739
451464400
399154094
312330863
316921173

812967127
62041266
61922315
375822070
9504915248
141183535

1903436575
670012947
1627792120
60541431
849900417
1250049555
812973011

7423292
385265700
385333870
60872985
689852231
1416523715
749935332
014303961X
043402080X
140143459
451205367
743418719
345403959
575070706
1400067693
553805487
045146379X
1580495761
141694740X
345468643
312349491
451529758
451219945
785264698
785121447

670026638
806527285

99448572
385334141
006124189X
451526759
440416795
1594633118
553588265
767919386
60555955
312948557
99489988
143038109
1847241697
61974587
1593080646
385731051
425181103
1416990658
1586608290
60012382
385344430
039925482X

190444248X
671742515
804179034

804137250
345503813
7151667
385339593
078670621X
60525118
1101904224
62310666
385737424
553381342
1101875046
553119222
689862229
805094601
184343217X
1416971734
6498523
805448659
743470125
330488902
671035975
515114693
60921145

1416997857
6479677
3822858641
345416260
679776818
081257639X
1606412388
159420229X
345443284
446613363
1423108361
059044297X
803734735
803734956
61020664
1301347949
62200577
140434747
965476022

64410145
8424133498
983212546
961454733
60085894
452286034
312624670
1844280136
545424941
141439637
486290727
486298574
1455561789

836204387
142401757
1616201320
1596912855
1400044162
345498321
385523238
451197968
031242440X
006091307X
525953094
1423121317
8498000831
1857231511
99297701
006114097X
60586133
1416974520
743466527
054522490X
345539842
441005764
1250077001
312986343
553564935
1405910216
1439164630
671662341
765316994
030720961X
61245097
60890681
61449067
312349513
8129118807
7174160
60887338
440800463
446364800
1405206128
1569319472
451219422
312532768
446572993
446402397
60987510
425260933
60527994
1933718005

440339340
307395987
312979975
031601477X
743418735
081297235X
1401307450
3442723434
425273865
99427869
316056634
142422959
1416953574
1439107955
1416940901
307278492
031253955X
1878424114
312315953
689878567
446614831
385480016
805092528
031259044X
553296124
689878575
042510687X
8176210773
1594631573

1857988094
015204566X
515130974
425205819
553589172
7149824
345528670
439598389
593065700
205313426
140620613
743294297
786939532
156865054X
307595862
1590171993
1401308201
074348486X
1563892618
451528921
374525641
1841496863
159514319X
385341652
316010707
345544110
812984277
1563892251
689849109
1558745157
1490904387
1439102759
450610098
385341679
385517831
547887205
1401248969

802720854
1595406557
679781498
393065782
812972147
670021873
802122558
60090383
586008357
99448769
380709244
575090855
736693416
375866590
316074314
60244054
553588257
316779423
552152951
1581345275
1400064287
038000321X
143037749
446691097
749932775
345335708
451233166

1401323820

345469011
7157150
142404128
60266864
684853159
140006788X
080509329X
385536976
385733410
038533916X
385341636

159474758X
486424545
1593070942

1423160916
140439242
143039989
684856476
60885432
312181108
1905654871
312383282
61177598
451200810
044101819X
752858491
6486010
399167838
515126772
140449337
078684907X
143036556
679735909
1423102282
425143325
1566195764
671685635
64410153
076790382X
64410161
143035746
193700788X
000712774X

374104093

60775823
553805371
385517238
452277752
140006922X
812551494
1590514637
1857231384
671646788
345434803

6479901
140382623
054762834X
1565075722
802131786
60393491
61997811
1600964338
345534182
142000701
145161747X
553804693
1903434777
1444778536
553804804
451208641
385517882
446692654
1400076196
345466608
446364495
593057058
385735294
805090037
545060397
28610105
316003727
486234118
743453255
679720227
1842430246
375757856

60747226
224081187
449223604
751530484
618062416

60735414
316038393
159285849X
62491792
1423102266
670175919

743289412
1451695195
61092193
743291476
575075066
034554689X
553381660
525953485
192750976
1416974512
375713344
015602764X
156004801
553375938
525950125
1841492612
1444729705
1501115065
141659518X
1592407331
316243914
1573229725
679731148
763625892
670022802
345298349
62207393
439771277
60851988
1419705849
1405258217
1416903542
6472613
425201449
60845546
141026286
61345660
072325804X
99771810
1594634718
451464397

373772467
61474096
60852577
552154288
345435168
1451661509
552992097
425204669
051513628X
1416950052
785136223
307932230
7158505
805053883
3518367064
385333471
1421505851

439249546
1597801577
140436065
525425632
441014895

1400096278
140446745
61020672
1932664122
1401204252
144242673X
1455559822
156512569X
871137380
765376458
385513534
385743580
1841493139
385905165
385340583
439324599
224064908
1400033837
805080481
441016154
689829531
375705856
1560974273
1250006325
451529693
884271781
670021040
61284394
385340559
452286530
385539703
739377728
62301233
1841499900
1452440026
147712556
1563893304
61120669
1573227889
031620157X
1400063973
64407314
345529057
743493915

60887370
1939045010
345522478
743211375
553560735
1558611584
1593083254
515121843
031607991X
1442435003
446573647
761121323
399244565
61240850
804139296
1619636077
1593080336
804188971
380789027
9382618341
385333501
385349068
671869205
143034758
807218731
140448071

62392174
446573019
312367481
1416974504
1451533969
446608815

802136834
140185852
571171788
765354063
074326195X

60987529
3426615355
1442468351
1905294719
553293389
486452433
345335651
374529531
545060508
61668036
316910333
553271989
1400067685

1609411153
1444705105

517053616
61054887
1400031575
385528043
425192032
1570425779
142408808
735221081
61996181
031624662X
765340747
60566108
1616149981
1595547169
140273344
425201376
978970764
345409469
1906427135

1573225126
080508049X
525949690
62294377
031242681X
1400065755
1579126243
310902711
451235843
380800829
786930705
375508333
345457692
425184226

1607066920
440241014
393244660
375701214
805096663
385539436
076791936X
312595670
6551815
1400032059
1250060559
679763309
1591451884
451218590
575077832
015603297X
067056172X
1594831114
330493744
1595551387
345527712
61449091
875093663
373210361
142004332
586217835
385729367
552153257
307594777

1842430343
61583219

316159794
64472779
380713802
375832998
61941026
316002895
312656262
802142818
586066888
812969901
61583073
375758992
64404773
316069906
60577363
6140105234
62026488
312650086
802714625
751530492
553213482
684818868
553582461
1600102379
1406310263
446363251
425205673
684843781
670023329
006057299X
1400068320
039333712X
7246226
785289089
316058432
765340054

679732268
64408671
812993802
312593554
671015206
1423116380
743244583
60920084
140006712X
446607207
60885416
61053562
440228891
787960756
142003166
140157352

1501110349


1408816032
1501139886
140449183
143039830
043912042X
316766941
446617687
425209067
014044923X
044022800X
876852630
373210515
446546933
99471434

525953728
1594487014
684193957
451191013
1563890356
316013935
1416500340
1622660757
375760393
316123536
1439152780
751554154
439295785
306814250
618683356

1594561869
014044789X
452274427
743203631
983157200
1582404119
451217608
399159371
380820889
140169300
743457900
142501107
62072064
316018589
1594481954
811216012
316002860
553582453
446614459
316069353
756402697
2844140580
1589190629
446563048
142405787
62290363
545060427
689867042
515133310
61140988

62197266
140079076
446605484
765344300
60765240
525953507
60887397
014144116X

515141658
553381644
441016383
380017601
688147321
62085611
316952664

60887184
887307280
1416928170
786939834
1250006333
525952489
517405091
142312166X
676979785
1501129740
60590319
743298853
140003003X
1569714029
545060494
1423128206
440241006
425212890
8203180728
515143804
425185508
1591162203
1402262272
60730552

670869392
1932073205
312270828
385523904
60753943

618620117
553381520
394805755
385735332
044101769X
385343663

375714669
61020656
586064176
385613466
670021652
142401765
62285637
765344319
375413405
1421540320
765315238
151013047
545284139
449911659
1400077427
015694877X
590319671
146000110
055215315X
552152676
345481283
689859368
1601422210
140280197
142401110
749080973
545135702
451159535
1560252480
61284203
805066691
057506708X
425267040
1411415930
671741039
030727103X
345459407
1599903385
61020613
014043769X
441328008
515090255
441015271
385671105
439443822
307263991
075280944X
142001619
037575850X
61977969
057506689X

059306173X
1593072937
055327757X
014200202X
6513220
452283868

1416563725
425233383
7169914
034547063X
785123113
743270371
307959945

441013406
446676438
4103534222
722534876
385336691
440226708
143036661
307749606
1401209149
1780484259
425259854
312590970
1101990260
545060451
62248162
374384681
679766758
1609451341
345413970
759530017
1451645821
446611778
1596431520
307001040
991686004
1400065453
486282082
312984839
786887079
446611212
671791540
515134457
515134473
1250010713
385333781
812967259

807083690
60885424
310247454
545424968
99399016
785274316
385491026

1406310271
1841492051
545027896
446519138
1442429984
316014796
143104888
385528787
60264802
812971426
99481685
446613444
312577206
1476731535
385730306
375702709
349119759
1455520616
385342047
60268654
145161778X
015626224X
1427814031
1551924013
080509461X
9773513912
743294254
030794932X
440244161
451203267
61284408
606298231
440060672
316069485
380731509
307713547
61974618
141439785

99478536
425169693
679436545

345503821
385515049
689878583
034552425X
60090375
055255264X
60786523

1841497975
446578843
425198685
62267523
761104844
60577371
141311401
385496095
1416548009
1416903437

1859855423
399171614
307267148
316127256
1408852594
1400064759
441014348
449912558
743422449
1477823832
61728977
385526261
143039970
1591451876
316166294
553560719
385344341
60575808
60929782
446678457
765305240
553587579
553384155
525444475
807059099
425179613
074347788X
224097008
034089699X
1560760478
785135804
1421527553
553580221
552152943

1585425648
393064646
451222385
553418777
224097377

6479758
310321913
747545251
000649885X
1560254556
99498596
1502784270
425170349
60515228
749942010
765377063
61031321
1401201911
385721420
743255062
525950494
1937007472
1250000971
60725117
61566128
1591396190
316036196
553807226
152026320

60590297

812515285
1577311957
038532328X
067984483X
61935085
156453800

1741666708
452281423
143116231
222109073X
1451617720
61020001
380776839
393343448
743294270
140447644
743269268
340893605
312624689
451213041
62011995
312590989
553282980

552154229
1741661285
876120834
345522494
590431978
525955097
679721037
316041440
62235656
517223120
316129070
143039962
425116840
590930028
140449108
316113662
62280678
553804790
385501129
446610224
385722206
62282719
671729470
375814256
1594202842

1400052580
425204693
446619035


8188575704
64401480
312941919
62265423
1400054346
446690449
1857989341
545060478
60838744
345470575
316905712
1563898586
763622591
425226921
486275485
1423118235
842314296
037542380X
1607069318
804178747
1250028647
081297736X

1101883073
316017701
593073894
770436420

307594033
1416913184

174166134X
60652381
1563894459
1416903372
307590615

64400581
033039780X
1476728747
752858556
1400063256
446573051
765378558
345807952
6280897

042524413X
847826465
067972477X
547959109
345542886
1469984016
037581468X
312662750
1451651694
1596437138
067978148X
60572973
786942460
140274219
316296198
552148032
60288132
1476785597
316134074
385525001
1402784031
441102670
399252517
316081051
142000205
553213180
345476166
449000656
1401340903
765310023
1743342373
312997132
575082453
62309668
1416505016
679444327
316399620
62206281
345476093
671047345
439829100
1599951495
374346674

1101947136
393068471
446195502
785132619
1401908977
61449121
321107217
2877068161
316176532
052595158X
373802498
1931514925
156931778X
553807218
1842323008
039916927X
778325318
445406518
425230074
425147584
156904365
142406120
425181111
451209338
1844280594
747541604
62067753
446691437

679723056
670061107
316187747
1250010691
449208133
425205754
451530179
451471474
525467262
553584537
395169615
62278789
61161640
1423368991
140230270
1423157516
446407410
62104896
60788380
670026328
076536543X
671024094
545060486
618164413
316069418
189221301X
62218360
545326990
074326004X
380014300
1451693567
765304961
042519485X
722536542
385418868
765375869
385351232
1476764026
399230033
62217135
054506046X
1840187166
515133876
684865181
345545834
067003777X
62259652
62071041
618773479
758278454
006156608X
1416516352
60931728
1401235417
60735422
451219953
345518519
60932147
440222656
1580627560
61566179
60788704
048627263X
031612611X
375851798
61129739
043979143X
380821214
1563890933
60731486
553381539
842313079

440184622
399157220
413771164
312358342
60920432
1932796789
1439177805
312949804
1416522913
399254838
141439629
1400066409
441068804
451239350
159514451X
6280838
465026567
375828788
805005013
439286069
316212822
310245656
1416595201
553381652
1419711326
316159417
743437314
345497511
1416510567
441017029
1478322306
425176088
446545244
791071685
192751077
553564927
1616960922
1416584080
786851716
316015059
192838997
1423171020
670062278
689862210
312594429
1423121325
1557091552
446679089
60775971
743454510
069401298X
1563127873
345459202
345485750
61797022
1595143203
441018521
1501116975
552154164
553589377
375753737
031235326X

1455521213
441013678
140006466X
316051594
446677477
1605980927
767907817

765316978
60283289
147677143X
60086246
148234873X
1416507779
441328091
1593080298
006079156X
451528182
140621334
345326490
312306342
159562015X
1842431293
517223546
6178731
1595144331
142998192X
1481280767
553381350
312349998
345476980
006056668X
871917726
1594487561
62014552

1579124577
345450744
1477808701
60882077
553536516
913668680
7158475
375706852
671227424
446573108
689878362
786839171
345542924
075791084X
1852864982
310241634
62208195
553588079
1400062756
545060443
6280935
300122233
1416949658
374239215
451205421
747266921
312364105
385334230
812975219
425213978
375705244
553565079
3401063472
307700666
759529434
99478331
486223051
920236162
582461502
812966295

1563891379
61720771
375828257
374506841
1563891069
1620401398
141439963
142406139
739418378
375760385
1400033543
9770907375
689853491
1595142711
345352661
399156577
446613371
345461622
440421853
439224063
077832740X
62330268
068482535X
441015832
143039024
1480114480
425213382
393307050
575077352
441009425
316096156
312652917
1416980067
1416509879
159514398X
1841493155
62107313
446694851
080508052X
62004018
394724550
452287081
802130305
425141233
684843323
671037706
009947137X
385528752

99470470
60734086
99267543
006218850X
767919408
752876821
1857239016
808516965
014044176X
084230052X
385494246
812966007
031215125X
385340567

1101874082

312289510
762424931

395181585
553805096
743452925
1741662095
525953493
375706860
1741663024
345447867
307098222
312367465
525952276
316117366
316013943
803738552
61284475
345490657
743453964
1423368886
1599869691
765319853
1400095921
62509594
147671777X
765348802
553807056
451220897
141690817X
765317583
439656249
374193681
155050907
1857231325
373772327
553805495
983157227
7189885
743299396
345522486
1416509887
1416599398
1632150778
1476759545
307272591
1400068312
1594488878
1558749209
349116652
044661758X

61051586

038533351X
684847817
316043877
451822196
142401099
312347294
375708278
316334529
141184272
000723368X
140432108
399153721
1416595163
312362153
038541305X
676977731
1416953582
1400031699
1423113497
803733062
034551176X
446613355

8173711461
62113933
159420411X
399160302
157912626X
618212906
1402244428
448421658
1416986561
60885386
1591842808
1400065941
452287057
439895979
525951113
446677124

375714383
679767800
439968089
62224735
553572989
553572946
734406940
385743602
786891076

451528646
307596907
60842350
743451503
192833723
1101875895
515130389
1594486247


393332144
802720870
440164842
843955287

316216852
393061728
812998685
316253014
006121468X

99468190
7158491
439682584
142406147
440236738
6498868
590414275
446611638
545522250
044042321X
61728918
671042572
62300806
842329218
014311638X

60093366
312577214
756402972
517203383
812976185
1609452232
1841493147
316016381
098836946X
553575651
140911399X
385536073
1591163293
765343436
399229191
9991373764
1591843162
517266555
767913736
312421702
045146365X
374521344
080411109X
778317706
385524943
60593083
1250040159
810959259
552144290
1596435690
61231150
156717204
141185260
452285453
140439056
385351836
552144320
451227190
7491433
62220969
385540353
60788194
1590521196
316213101
446615129
1451693591
547386079
451224639
1442423684
316156116
1423128192
345422406

679733736
345532740
486275507
62348671
014043478X
1419704281
395181569
684826801
1423104870
812972120
014029628X
067166154X
184737459X
525952063
767927567
044653109X
330316117
575058080
345348656
684852861
552154180
679882812
60512636
61566152
316734950
446522597
1442465956
142407380
3522168577

451474708
385350287
553584502
671729454
399214577
812966937
441020011
039397166X
61655503
808595040
312992424


670021253
345467531
143039482
679732187
141357274
1416940286
345542967
083081650X
786938250
525950608
1563892049
1563891700
140013083
068815932X
1878424440
99478447
145161781X
067166607X
60512741
140449086

034549038X
553382616
044101738X
61750441
449214192
61779814
99481243
684802031
141692499X
374404143
61929379
375724834
552555703
486419312
385735359
1594202664

60763280
312624697
3423124172

307700003
055337933X
385538499
61869708
034545894X
147675361X
670021482

62224077
078519021X
425212866

142403709
61558222
545424984
449010880
425192733
60824972
758216416
755379284
473235501
1434767957
671023187
60594667
486422453
64472795
1250003326
312984820
446696587
61340634
879234628
345543068
192838679
486410226
1455566020
038561926X
441020429
60595183
440174244
62413864
316069434
425162443
60741872
743499697
439846803
374515360
1847386823
425265625
312380720
1573226882
8466302948
345533623
1416521690
834800799
553448188
805211063
425256855
1605977276
307265773
006172081X
670060291
375756787
553562738
1455521191
812994523
552148067
446520594
316225932
385512058
61783188
679889175
670070297
395530075
088038672X
345475690
076366040X
140130866X
61159174
141186356
1421500167
316069515
142437964
859536599
515136816
553280589
385533853
553579754
61583227
312377630
718149122
1846052580
60533994
1400034205
399504338
1401210074
451226259
141185910
142004030
812994868
148473274X
006178320X
385538731
449016196
345369351
553805592
804178321
312997140

684807319

446577391

307020711
679750533
345475836
71401946
385418493
1582406197
393081575
767903382
60890312
743457587
425267067
316677469
307279901
140431950
1455581127

159448306X
307277747
006440174X
1862308160
804170703
1400079497
786888768
441001866
1423118243
446697338
1416927832
812974018
452287146
965030067

670037605
1416547037
1400032539
60539828
7311001
1579731813


451457765
307264556
1406954365
143039946
1576737160
64472809
312954468
679743626
805079831
7557906
60572159

99483505
310234697
3401063480
1599900513
192123173
316341517
670059838
452285216
743264460
110188696X
425161293
765348810
785129219
805091742
068817776X
515139742
61658197
1622662644
515139750
965900584
767912241
441017835
449000664
1400031044
078622469X
1250014522
451228219
1599903423
1439102252
385339461
1568650949
312352565
316036277
1846058295
545290597
393327655
805076689
1741664489
740748475
1569319626
61470856
038549565X
185723135X

452287898
188896314X
375846158
1416983082
312424094
760704066
6174426
1416556052
1853260738
812978188
1416509372
7240198
143036610

1416903445

316925284
1421501082
60766204
553815024
61161705
1416990674
1401359604
375829873
736421971
125006662X
1563892871
60521996
030700113X

1406309354
1423147947

805098542
60580674
670869759
031621762X
751531189
1401200761
61138010
1401902162
609809644
393960420

9793062797
1934964387
425198731
758213506
61988340
316051640
61002828
345534522
7178379
451225724
446611239
883681056


037575931X
399157387
1400203759
60555661
055380202X
316123358
590225170
048641423X
192839934
1476792488
778325342
99282194
1442495995
446699543

1401307787
802142443
312999526
743474155
316056219
439650763
316159786
399256601
140435123
345506405
143037498
1416905855
9871144261
451528816
316009857
1609452860
786838183
143145444
316187704
1416913629
316098795
803731531
1416549129
61843407
385611072

812993012
810959542
452253802
62101897
1841580651
373773102
312368577
805017585
553807250
439796636
64434508
156029022
312368461
1609089464
62257838

62265946
765354950
140006872X

439827604
586010165
974607800
1501111671
374173958
345338588
441017770
7165161
60989157
7169973
451527704
684862212
1560601760
031609966X
425190374
034553364X
439474299
553499114
812521390
316954993
1567921892
64402754

385333765
61449156
1311051155
99642611
770429459
373210264
1594489254
62048503
1455521205
141187166
074327041X
140244824
1400080665
385520697
006440630X
1841954314
385520514
1595143211
552998761
7157169
1416950079
60891564
316187712
809594080
425224201
316036269
755309510
553804812
042520992X
385342314
425203891
312956738
151365040
1582404135
1591842336
60858796
1400065747
1435122941
61138037
1609611543

345350804
60548258
61138061
141182342
399142789
1476785651
316120553
425150984
785165622
068987121X
1401223176
375713271
316018783
64409597
452281903
515142816
809599813
345341678
451221257
074974801X
385491034
044640103X
553589393
500275823
312379293
1416983090
1595543414
618001905

1451635753
778329860

375424148
316196991
446679097
1937053148
451529456
1421527642

312315732
394402677
61056901
1416576754
152045651
385534795
451229738
162704017X
759529515
1455806935
156947981X
1594487138
140449272
571215165
446667900
142408794
684843269
399175164
515140872
451230647
751525359
307596850
143039598

1250109302
3822812153
307951529
60735457
553281747
385689225
044022912X
671744216
316025054
014023313X
736908552
312364687
385315147
60740221
440235162
803733569
743222253
1563898683
374105979
034525855X
679890483
385742371
141654707X
802133908
553213156
1401303366
385340605
393974995
1455557102
380815575
078683787X
1573226068
670018856
057114456X
125000098X
076534825X
300093055
159307056X
842329250
670061018
751503894
141591561X
590316818
517415283
345405137
553278002
1439123128

60748125
394574753
140449493
310331935
193266422X
393329127
1420925806
312351623
394856392
141655484X
345363310
500237514
034551548X
312156960
1593072945
738710180
159182799X
446604844
979528534
316057800
743484878
486414248
553805460
684815001
670026190
1595581030
486431681
385350848
144240907X
312939000
316154857
1401215815
1401359795
385350813
451419928
553268929
806512814
446607274
743243781
006177894X
1423161610
345447980
451231619
440132940

038531387X
689860072
61996203

1421506238
553299492
440241359
751552615
1616550546
446699551
60525592
373773927
1400083028
802142648

64440591
786915889
425217248
64410471
1416954171
034554692X


8370540791
60759968
60512148
141699792X
1741663016
62200631
62194720
1934648205
156421178
446694843
345533488
1423121287

080213825X
859537277

1593078226
61718947
055323370X
802150594
679723110
61144835
140092501
785100490
193636574X
1595144919
316024643
1849231842
1442445807
446699535
345461665
1400031362
1416571736
62120395
312938810
60735449
1250074134
670785601

609602195
1595143424

312372132
080508925X
446607711
034550500X
038072801X
140369260
765345048
8129135728
836218310
446675504
1846057914
765329042
1570623449
312658656
671729489
736423125
810933519
60975776
141659521X
034546401X
1439164681
159184021X
399162437
1932664491
055327094X
451466802
861661419
739453823
553587692
345366239

152052216
345335082
393301583
1444737090
345545850
553392425
785115315
006121471X

006093316X
380715430
446580260
312424442
151166066X
60734566
749932821
425195481

60755865
316043125
345483448
60628391
60931736
609807900
316221333
142401102
446609404
743225708
1626720940

1847371663
1934137197
1857233808
1502446936
140007780X
679734511
749935871
067973452X
1608870081
60898488

739467042
670026336
553157248
330411969
689872992
805092994
60885599
1594481717
1573223328
553804367
141026162
749932988
1250046394

553588249
1423110706
1416950095
425175405
316393878
345494857
345463153
380730359

345471172
553581554
1442484233
1400082544
312342020
076534775X
60790598
60518502
7233701
1423147952
62235672

375913750
307381463
1592406599
553578529
140443339
312655479
1581344988
307376656
345425502
1592975038
044657922X
373210035
1571740562
62071130
739328271
60527986

385522266
800793013
307595129
006233638X
553376055
439856264
778328791
1561483397
1595142517
786886307
399155813
078512179X
805421300
143913376X

307119408
316403431
345470583
039541668X
553572393
756402980
744549515
345529375

1402735421
044018293X
60739428
967673747
1857232569
553583182
99271494
62026518

62317148
440442508
1876175702

1595540210
316043915
399226168
374191484
373210582
61668060
1590171691
736420959
545324092

044658083X
044023655X
1400067898
385351372
1607061597
440418518
786931582
61779741
575070536
006085202X
141439882
330369954
140168125
1585678759
61659223

1455581089
62072099
1594489173
1563893126
618391002
743437322
553278029

1582349061
60724692

380709589
1857028155
349108390
802123457
1579126286

60512628
145162607X
1847024696
736423095
62290398
307960471
312530641
7198914
307277771
99446723
609800140
349117047
039916216X

618724834
786939842
525471340
399157441
1576754227
689861133
1585426016
61230944

60897848
055327418X
1481200577
812974611
1455536253
671201581
517220776
786886811
451528166
1400052297
805080511
446612758
1598183605
006056251X
152063110
1595540350
778303764
385526342
1439136637
553381008
1416591052
743455800
842356223
152053107
786229071
61043575
689847432
142003697
452285933
446616494
755328949
679847596
1423409450
451187849
374384711

802130720
451223896
60525614
1594488800
042525674X
62286927
147675666X
515139408
1594481881
60888628
1416936491

081299289X
1416900314
64430960
184243036X
60988657
1406350486
679728740
842339760
1594205388
1400139027
1419710206
451419715
1582404879
1857983416
1414315716
743457269
1442402326
872205541
786865059
140440399
1593081197
61714305
312359322
811200124
316734837
393325997
140278404X
045122793X
195189779
1595541896
61345695
399255370
60096098
1451612060
316037532
679772871
044661162X
62278967
439692393
330340328
6174434
241144140
525478116
60005696
440226686
316166316
486424588
670038571
553278746

1841150509
60594896

2839906171
393064476
312194390
385722222
067003830X
345418417
316125849

052542914X
590416022
9770919403

316219037
752876457
385341954
553496689
316410985
1842322761
1594205418
385521383
765376474
553582747
1400044618
1400054354
767912276
143036475
345479726
1606840576
1400041201
345409876
152046925
743201140
1401309666
395083621
670034800
312377029
1455807044
1465341889
684856093
810984253
312932804
61962783
62012010

618390979
1591840562
385528191
399154140
1416938745
4063347761
380782332
61995037
743243803
440421217
62311077
876859260
385339410
749934085
312599072
425222195
1594202249
743431014
61558265
394726413
399159894
1416535209
1582408831
1416580956
64440028
140449302
62081012
316225886
771064861
899197698
1405034149
142437883

394757688
394758277
805080503
451228669
425195201

1423163001

385346999
671011375
842345523
765318415
553146963
375990674
545540607
1597372552
1857238273
441006108

60927488
446539759
1585673692
449902927

125000621X
670886580
1476707723
1442436646
7118899
765336405
743243315
670016780
571203132
64400204
145162445X
61351423
425233367
399256938
345476999
842342710
836221362
1595828117
415278481
8370540376
618249060
1596064854
62372106
1846057647
62244752
1416971750
767915828
1401210104
810979772
593054601
7208006
345524594
1402284314
1595145842
1401904599
61988243
140436227
192839772
1502541858
312939019
1401204872
60958022
843396867X
60987049
1449410243
446580341
316014281
316905747
1407247425
385354304
385334176
1439181780
451460286
1555974708
1563891425
1632154382
1416543686
453007449
440779030
60822554
679774025
425147517
067002497X
765351544
571166938

1591141273
689840330
1405209496
812932293
872206033
1847442404
385344406

547152604
842329277
316214442
553271369
547569653
385341970
316099759
842332286
61240273
60525851
99366711
1250031125
345367693
1593074492
075283455X
074990741X
552772275
849905702
1408810441
142002070
014023828X
61659258
159463467X

006001234X
195067142
152052607
125001980X

525952993
553813145
316234478
312656270
1401202012
689831870
425285170
374349460
142501522
963192566
689868200
670072818
037575718X
62094734
679725164
1857237366
743219570
61985864
1857236556
312377045
316018953

393924769
60525630
1250128544
312377037
1451656505
014018998X
451160312
1423144333
316043893

375700528
375836586
425267083
142437301
849759388X
374187614
1857230752
312150601
1101875941
380820846
152057803
727860992
030726419X
399170863
553578685
316225940
230706150
515136530
60536357
316246654
082221900X

312649614

316224138
446576980
3847905171
307956350
074345300X
316099783
842329293
385518331
312278497
316219363
451213203

142004413
451212452
679723692

582418178
785213066
670063118
486455599
006443253X
425203867

006000150X
1416949674
345533631

140259449
055341884X
61921262
345478169
743482972
425193829
316101842
1400079098
345376595

310266300
979777704
1416914161
1439165645
399250573
61944343
61232920
688156819
037570504X
811216543

1476727910
399250565

1590523172
553479016
60773758
739439065
312971230
440217490
143034359
553585975
61692042
143037234
689859376
140284583
1421532018
743490096
865471185
1594489866
312351666
399157530
872204200
399155686
1451664125
553269224
385721706
446612766
330376152
684845776
446554960
307401243
312650094
1608198065
60987464

395137209
031619008X
151012741
590554085
553589490
1501142534
031026345X
140183523
764224735
451464966
393311198
439791464
525950796
679736042
375759867
385534817
307594882
812536355
521657296
1579126294
810909650
425197484
055338368X
1416527265
140432078
62225073
1401322433

044657161X
425266516
1934964107
805082115


470484233
345032799
449818438
192836382
1595549633
786866020
743449746
547251270
61449180

345419677
515142867
156031191
1568650957
1423301854
143036254
767903579

1250011914
030746363X
375727019

785114777
439014573
547564651
446677949
670038342
307931900
61231401
1400043875
60525657
449000753
375814698
160751351X
675093244

446400157
019283410X
312934335
747594155
3453532988
1741753597
64301389
1611099692

571219357
553804820
374104107
689859406
61966908
385498802
60567112
425098648
517543052
425204200
440243904
345373529
60177241
553589385
345497627
316219266

1416580948
553813153
988695103
1477825940
9380658674
312265050
019516895X
307162346
044661761X
038573882X
330398059
61783196
1937053164
7288387
545040523
452281458
152063846
871401525
609610570
393240231
399156585

61147974
375724508

159514322X
316114278
087923573X
1402245793

9793062924
743250621
525953078
1400047463
312642695
7563035
1455549002
452284449
1400069807
152020683
1594744548
553807242
688128971
140143505

553351397

1501117203

385608020
930289447
1400069599
61783161
743571355
425165582
60763892
785263713
60256710
61006629
525951571
60088877

425227723
875793266
1570820872
141439866
515116750
1842431021
374260508
1401202225
804192979
345515501
7175191

62248472
865163480
1563893274
307595110
307960307
1455501476
316017442
670447161
61733636
067172942X
61957895
310240018
786932171
031603617X
142000159
1577312295
60584025

312360819
155652532X
141020520
62225464
553590162
2070364232

034547581X
451215710
345349571
142407577
60554738
330348779
749941995
1423119509
525952764
778321606
1560768800
446616621
316000957
446539813

310247535
316059862
1937007588
345524616
031621129X
446604089
61433012
61259349
1595540342
312655452

4757518080
345329457
60596988
893662135
399252649

1590521358
808553038
375703055
805210555
156924264X
786933887
374530637
9753638027
345379624
1557488150
1439136823
1423102991
446195979
61628018
039925692X
1401216226
60744510
62273205
1461052149
345348664
340936150
425259862
1592406521
399155481
876853629
316229296
1846247195
552150215
670019631
140389660
307582396
61579033
60744871

385342322
684804484
375701907
375701966
413774031
545052394
026110215X
385521227
451452011
60735430

160096527X
60542098
99478420
141971189X
152046917
316018708
1408859645
045141991X
452281431
1414310560
143417231
60548924
380720868
802136680
312382855
679728899
1841497967
1423194551
1854596373
446401056
1421514818
9953716889
030711838X
60002492
380810336
515141399
425210278
894864025
1933480092
743426800
1400069629
446504122
044657967X
743497295
055327211X
689872372
1439136807
142428698
224063979
142300705

8423648990
1594487588
679744479
1450595987
7203116
60894083
671449028
64473627
842332294
1594204993
385733976
752861743
385736843
965925072
385907508
375758771
1595144358
125001011X
385741391
1579126936
749934123
345807154
425212033
60535032
9770915343
345460014
60751649
689860064
446574465
140280553
553241605
545176867
071956896X
553290991
152018484
61129763
1400063841
006204964X
451233182
312933541
743482883


055380555X
60730269
7273746
195007778
805072063
1932100660
333710932
345455290
1857987632
2723495612
316737372
034911188X
1416516727
61767581
1440154236
340686030
679764410
307948684
399153357
141023422
1406331163
345495357
1455503258
375757910
006008460X
446581194
031605755X
553816322
60888644
61251348
316780375
1301786454
451203771
988489112
60507772
553275720
312243359
161638610X
62073168
1400068169
316254770
1409521966
1416997946
440228654
425182878
785139877

451225007
1600104835
192751034
1600963943
394752848
345528204
1250091845
038551851X
312421435
451210557
446698229
743219600
1250019834
330426648
9707704667
1565126807
375727272
553804324
9832672368
1682305031
385349831
031238078X
7117140
671758896
689869126

345438310
345527771
037587089X
345414004
1414318634
395870828
399148701
886773784
374521727
6497012
62002325
1451665601
312426232
689859392
689846231
373210639
446569895
767915305
778313077
375703063
515128546
316000973
034537472X
1476798176
751531219
684839385
1780892888
60562498
399155163
055350584X
786901640
1416983244

425189031

1401202322
399171088
515138819
312939027
1608195228

345481291
671447548
1401210090
345455681
1480118516
1250059305

1612184715
679753338
451076451
140447423

224093614
1857988221
1423121295
60725125
425100650
525954570
1939392748
553383833
805088415
1423108760
425204030
307377326
345383273
1582405301
439846838
446695688
836217357
1600610862
307990672
679752552
743412028
1401307922
1591169283
60935766
1594481571
812974042
345531485
312369506

316013838
1582349010
1250034485
1461072514
61668095
451165667
1594201501
785127224
785281126
7157177
62331159
385664443
345422554
385539088
736918833
1416543694
1250015545
446675369
375703845
312939043
8770530688
375703829
312593317
842332308
156106809
316133191

380809060
778303829
8370540910

385535589
743474163
395304482
068816112X
307377334
393062244
385491069
061861916X
1250044650
60757353
385515502
545284104
1400031818
60751967
679882804

068987779X
078948045X
385493622
684832356
557364639

014017821X
60012781
61176109
1602862567
051511779X
738718688

62295896
525478922
399153934
691017840
399156909
1577780728
1594204217
451456718
765326574
307960498
5559609129
1569314063
097915930X
970398107
802141676
345443608

618562036
1401323588
743453018
061579615X
140367462
1605981737
7169957
425194515
312361270
60733357
857522272
547959206
399163840
60567236
224064924
1593070918
307279952
316018740
374529949
553590154
553573357
722533942
1250022061
375865861
60766212
006102001X
440237556
440237564
812971892
679734465
679724516
545284155
553286390
385333900
1401213510
380817926
1608866874
553062182
385515995
385495404
446617091
547248040
1591167531
749934131
553575384
1846054761
60092572

1416963960
679722319
014303541X
517580519
60569662
62224107
736421866
006124242X
810996162
679722637
316726192
553279718
380974738
140186301
60534052
399167846
345484274
670011304
147673190X
425201333
553807234
140121813X
812520475
812993101
679723951
425234339
1409135195
60725133

571206921
61230839
1557091528
382285980X
60955228

679824111
1416505490
1598184318
60725141
1770460608
375727132
60576170
62508342
345482409
1594561796
141691420X
385732074
140236236

91879205
1841957178
1597801607
743265025
140120077X
067974472X
786837462
1401204953
60096128
61288853
375753141

618683070
61493341
385341962
125005480X
042523567X
515124214
61779725
394719689
886778581
785729194
1594631395
312939035
140006760X
385533411
226458083
312424671
1250022134
446610178
385517254
553265954
425238814
767915593
441014186
7133618
778322858
515136263
316040096
000721975X
609807919
893816949
763620912
1551111721
375836977
671664263
142400769

765335344
425194523
078685149X
60852003
394900871
1609071220
037570342X
553588729


786856920
1936608898
151012709
440227194
452287073

1406501077
525955100
872860744
525952896
1594486344
689840349
158240612X
671023462

62072188
316012823
64407330
586203192

1439187312
61284424
399250484
547628382
544289595

739464469
749009519
1595541217
451208188
743284887
60833459
1632150190
553808036
399154779
1401917593
1423157524
373210450
689859384
688213855
64434516
4770020678
804178429
375758259
1590303164
316000981
886777631
425217299

316089516
1421536382

689869118
425093255
345524497
553582763
553212419
60809086
836220625
373210698
425163717

074349282X
345379063
803736703
330418882
451166604
385538898
811874559
1405038160
051512317X
1421506130
60727535
6471250
375821821
679600213
743281632
1400067820
62267728
1451683405
149262246X
778324214
316018600
385737432
142302392
142003344
345496531
545040566
743482859
689839081
1442413174
743442849
765329581
312241356

440244447
60534044
1936365014
747549923
571207766
439755204
1439172560
886776066

1400097029
316405345
425210758
316074144
812505182
451211030
1594745765
345487133
446608378
316106534
425241505
553269216
843955848
194232638
553297260
157683932X
380811081
61093327
385737637
345451325
61957917
446324825
110194661X
61935107
836218523
809510839
439436567
375829830

316224189
1401205011
307394956
449221490
440420059
60283262
140157727
61719544
1401303382
61852058
316185906
781805503
62235796
439672449
586203818
515144592
590259385
1476792496
385535635
067975833X
312546343
3822835536
1416505067
1605045535
345443586
743287932
044640098X
399146261
765327821
1476789258
044900578X
393318680
316066346
345543009
446618675
62088149
590224735
545298423
307718964
1400031540
1594489998
140443150
226500667
1451616880
452280397
425190455
373777922
64473457
545298407
1594202435
1523662441
1416960597
938077872

671028367
812995821
385344031
316018775
842371516

316213071
380794470

312144075

804177996

1416971777
1421506718

425180964
399158987
1584790830
312335288
312934327
1595143998
1416509631
62217070
1594486638
1400067669
7113803
553575376
038079487X
449000621
1455521310
60958340
316037885
593046315
1595541209
1600106951
1576751740
1857230213
031235164X
140184937
140123206X
316097543

515089931
60278684
1423340418
99690608
031262168X
149262344X
60004878
62004042
1439192812
842356290
316097527
812979915
425259870
345348672
718149866
62001035
1592407110
307350436
140283358
385423608
147670869X
1400065593
684859238
451219597

60750863
60734000
1439142009
62076108
1439187010
62318322
61914177
044101173X
345485777
151189781
395957753
786834277
1594486409
1250052386
553588370
60766247
747538352
1442406593
006194436X
778319059

515141666
1442402008
802131808
61906220
307738612
439568471
60837055
765319233
1481438867
671774670
1501124374
553129198
739437585
345467515
765343266
451207793
451233328
060961066X

812974417
515128554
440244498
380792648
375713751
1563897156
1500453307
140286802
689868235
743464664
1606840592
451219244
61720852
312934343
151010986

451197879
425204049
60845503
688163181
613026667
62267175
031608106X
525951059
440242916
1430300612
1582406847
61161535
425199584
031632468X
1573227951
9797591514
60517123
345497457
045121577X
586062009
60085495
375424474
573613052
1591841666
618982507
9719234202
1780481012
312992629
1250001544
60930314
805099247
60856262
425142485
074329730X
671004549
552152161
553584529
345418514
671673688
856761222
61132233
140045295
590554093
1439171211

1582344159
802135587

1250012899
7235801
159038783X
553588184
738713708
140549056
812993861
399154345
1471110672
1608463869

316044776
930452895

749934174
375422714
60885459
1848764561
743294378



316881791
031612852X
184724954X
684859734
345548485
765316986
1416543791
7144350

399171622
553418297
1250022088
60520620
1595542884

031624371X
1401229697

307266761
399184511
385031149
62273264
439545285

399256121
425205959
1442449616
038070952X
7119356
60734574
679721886
307111547
872861554

345453751
1476776881
1451697244
9626344245
515144665
142196584
671792806
741444569
62026542
141004924
034541957X
307960382
1563894904
60841826
816638624
1455502758
439672465

684848015
671737821
316175560

786286806
440421241
178089015X
1439159661
1416963987
399158022
385344015

62351427
073642198X
380815583
62327186
356502422
373775814
042518160X

1400075718
1860499260
375761144
316926051
842335722
385524986
312990960
440242177
316058254
752849522
037576013X
316375144
373774524
1401360238
310919797
446580287
1101886692
1609074602
140120113X
99435136
755308441
1594482306
1250034515
99460173
307262995
671743058
375759018
038548951X
312427808
044900063X
1596911050
553584480
1594201927
804140413
670012092
195087453
446564087
525952365
1423116186
1451617526
739317148
1416914234
812966929
60987324
613096487
385722435
765310082
593057775
979962570X
62363239
385348614
756409608
553563734
62105620
60760885
61931411
140690483X
316113670
60744545
1590388127
1595142525
316014508
439372941
031021923X
743454162

545175305
689823827
330339184
62351206
61784788
1607062542
307700313
826412769
1594746370
1401204589
375870415
2290032042
186046095X
316123080
61797057
159582748X

1416916172
1599903229

140505393
20306652
140120256X
9580469717
006074104X
393325350
1439178232
098870742X
330247042
1607515423

345313151
698113578
615417175
345418506
64440583
679747192

006083577X
786854448
393320928
241141826
671721720
671729462


61043583
1559360615
385341326
038077352X
375758739
679601082
671011332
143017861
752852612

1421502410
446583146
1416530711
802132219

1572245379
159448600X
525421556
671702513
1455507199
067443000X
316159433
067122350X
857532014
804138818
375724672
006008216X
1476740488
451523482
679747044
312360401
553588451
375414959
340752483
1423165993
045123054X
439680093
374292086
449912426
1423134494
375500723

316070629
385524382
27436292
1451636016
192835149
140277447
670020532
743271327
380782340
1250010098
033041335X
374266514
762447699
755328175
425208435
316123404

440240948
1607069458
425173747
1594480036
345495934

316250813
552144312
786818697
080417766X
60776250
7120699
525953612
9953320993
307460207

823404706
439995442
857203312
804137382
743249291
141311290



872201929
749748001

1592243002
1401340873
307444058
345528697
1591828783
60525126
61997188

061808360X
451210638
805097457


312374976
425256227
413771008
4103534257
330418874
60097477
345413997
316011274
1400077915
1841494186

393310329
1441836314
60080841
671890913
60584033
743437349
446195510
553561189
62117181
316376116
448095025
449205622
62073125
185549664X
310247527
425241130
413772195

1416516743
385341598
743233492
1583334386
345457714
038533947X
765328542
449221512
2020418770
1593080212
671203231
375725342
7162499
316407135
9645571766
812995201
60531231
399157867
689839057
399154302
069109750X
1419151126
307267679
765312182
052595421X
1401228305
399155279
140447601
440220459
316016659

399155430
1466266732
7271212
2264022442
449911594
671729446
439545307
99461889
743484207
1600100295
755334434
553580272
000710653X
140436111
307377040
345460065
446556823
374280967
805210644
971977550
60827696

1565126297
446321214
60096152
306816083
446556815
1570625190


374104115

545140315
074347418X
7120818
7119305
857522817
62240080
547577532
1400069262
1569319022
765341840
192861891
393318486

310266289
142003239
545425123
087220605X
1442444924
62294415
553392921
684852586
380732238

312375069
807218987
8433972618
439545269

316036226
451209303
006128887X
1571741038
1101875100
60786469
446577898
1599900572
399173595
593046358
085707685X
1416979182
1401203140
2081354802
385488181
345479718
9385152149
316074152
738210072
61053716
60891548
60724277
345441702
425256766
752876813
307140210
312370156
749311614
2253140872
1442422017
515132187

843956534
62071076
62068520
60638508
684822761
60974990
014132502X
312997116
684855631
316252905
60531827
440167361

006202468X
99468387
553561405
1416535071

61930059
1400066336

345496205
99416425
451462807
60564652
1846059739
143036424
142301515
60776390
374529604
452283205
552772291
1606841750
486444074

743484363
894802046
446354678
140089225
60728272
356502023
316246573
1416927883
3867197571
380776847
425067947
871404028
1421270536
037541486X
441094996
425099334
843391426X
752885170
345915623
751525677
446602213
425210731
156949601
385516401
452297036
307593916
345388666
785117210
525421351
60827882
394800028
702229784
375422730
451527542
399154221

743468422
752866052
1589190637
1455574880
553804332
307105474
006074457X
307118398
034546639X
312981260
786837888
767915747
345515633
034549749X
184391400X
1476702993
7466064
141658661X

340796146
312997191
836213122
1569319960
1416596585
571225403

393068579
1594488134
590554107
345419359

345481305
1416503811
590480871
590554115
380710811
067102731X
014101587X
345479122
312547730
786929804
812996089
080213422X
752876872
465028020
1594567395
345496574
1416989404
1416953558
452269652
1405204273
316735167
810114844
1558744630
316231053
399218858
763631620
441010652
740718584
6178715
811826848
61707803
316911488
1442402849
688040748
349103232
385338104
880386525
1421505754
61119725
1590521676
1401205003

374299102
718031822

1476751803
521293731
1405088834
1607069466
842361936
375990690
399156399
374384738

345382846
1400045371
60521228
1781106282
448445867
1593080786
345477367

758272812
61976792
684813785
1409113965
842319476
1559360739
033034837X
765340771
385491743
385152132
385542070
1421501694
1569714983
074326603X
394743253
439703700
272346783X
385539282
140227663X
1427803196
316353299
345485599
517206064
1593081316
884944441
345516109
373775490
307594173
1593079788
1937053571
1590597141

307406105
374351384
014006690X
785190228
800758188
1442440759
1416571760
345390407

307599469
142002429
425226743
439700930
62284835
031623107X
345363132
571169341

671725661
552142743
375424040
316210730
321344758
425206866
1620610086
141699176X
316348406
451456734

425240169
553154346
345427637
7466072
307119394
9791680000
312422288
031298166X
000675399X
439498821
307962520
553280511
7284977
553807730
930289226
345438205
380730367
312534353
7120982
440245265
750026049
62117378
1400031524
385352875

399150862
752816993
316955108
1442474289
753820331
375700188
1481060953
60588284
163215711X
778322955
1401324029
671722921
61670855
439568404
449208060
425230155
140260706
380789833
316201545

553582755
312605390
60891270

671796666
307381757
310228638
670020486
689823959
1594203075
052595192X
1596435704
345318854
316059854
1551113813
553567713
1411608313
039487336X
345517989
553269828
1569472025
099050560X
425214435
545298415
60776242
446556246
1442413336
316154512
7162219
1401201180
143035304
1904910033
399256199
847829863
007141858X
1591163277
60652942
1569319049
857207563
60758287
446694533
039915597X
786907509
015205085X
1501135910

425204189
067031255X
1573228737
553381571
425197387
751507954
743234413
843955430
671732498
1400078377
64404455

1442494786
786929715
031623480X
72434171
553588117
9993911550
307719219
006078721X
761123695
1563894289
451530306
439405572
307272702
399154485
156389405X
143036491
082546207X
425268780
142437298
147111810X
807012394
439050227
340739304
60958332
1616203048
142150605X
316097772
451234871

307394549
312426216
1582349231
143104403
1401223036
61997161
394826205
142640607X
679736328
61689424
802170390
1416950737
316210900
307377903
439700884
1849234752
1613772270
316002569
1582433542
618194576

316013560
679764089
765328666
743468414
1427817693
316156280
441203981
375404031
316002585
717287564

61059919
1455539740
399256504
60548940
1593080425
898214971
684800705
345396936
62012037
451229444
553268465
031285787X
515103292
62026089
141651631X
345379071
670011835
385491050
000748805X
316037702
812538366
1455503061
670011460
312206488
670021679
152047387
000711933X
1416586598
446580295
446540331
156029065
505523892
034548343X
038566740X
1853262439
425098087
1784751995

446699489
1563054426
399162380
1451686633

812524268
810918684

1555838537
1423175123
544409914
307962903
394800230
743421922
375866671

1585424803
385349580
385535376
743484371
142408786
451233557
340841125
1420100963
1600108865
61345725
1250024633
1905490208
694011479
446616419
375706410
1421808307
755300203
140065172
1596436581
749909226
3704313173
1595140838
763630152
1595142908
811202054
804141266
097640110X

1849163847
60562536
671004530
758216424
786913886
345501039
312274920
385738595
1455599735
031604086X
1416544208
553214829
765317508
765379945
62009494
044022750X
375833641
449226352
425083896

451208706
515142905
425176304
399154019
62217208
152050841
743467213
385344058
451526570
316201642
60875070


1442409096
1250014468
785113797
078693137X
316778508
670446149
553807714
439436575
1400033721
849901812

553381156
805059962
9381626685
802151825
874068134
1419953249
042519518X
1582433224
1416914188
1476748446
340881542
014303507X
752891634
765316552
441014151
812996348
316012335
545040604
1400031567

307970388
547959214
446675059
446531383
802135226
1400096936
62347268
61957933
441017800
689856407
765333511

670037729
1401225659
224061631
9380349300
679724699
743271181
1598184547
842332367
375507485
60922249
61836923
307957233
670038717
375760911
61561630
006232005X
802715168
425214591
62265970
553384813
743474171
374281092
1594480869
60737557
345498127
307020916
192838431
145558116X
140115854
055357325X
1593070950
1442407689
1933718552

140546235
1455518379
1841954802
449208281
1455525839
1841496049
3453162897
345346297
425212696
340884355
2211065899
037321006X
1603093001
374504644
312938829
067102082X
307595609
143039652
006245773X
393086925
307263940
547807686
8756787650
142400300
425218422
312362919
1841591009
330487191
399157565
718154835
915144867

393072223
452297648
446676500
743444299
60684127
1401360203
076534629X
312424086
1401237770
886773520
99595818
031269945X
609810111
1400095565
872206335

525453679

1682305066
375955712
609807250
141019085
993800130
62415832
758266928

752858521
192838628
449003787
1423111443
345543084
753819929
425132951
439829119
316252964
812971671
312599064
786887583
751500283
812968379
875847471
749934360
671540661
316194689
575132507
99465639
226320618


385337493
375700811
399161481
1400033446
140320970
399157689
465067107
439632501
7236344

671737635
399154914
739420232
553381334
1578562589
61706558
763665665
62200461
1433672960
575095776
380842939
1599901196
1616552956
99447126
141654383X
1416928065
1414368186
030795871X
590664875

849945119
006232022X
1570089264


385495323
451460936
446359203

044024417X
030759565X
786816589
345322215

312933533
1401224687
1442440430
800786645
60009241
312421850
756405718
441013465

1568584253
340893613
553567152
067155302X
764524836
1250061776
62236679
1615579184
307588920
1449461077
515137111
1590382234
99268701
307265633
393322572
99478471

670021156
307264238
553573861

1453720693
1579126952
316097403
747553866
446575062
1582408289
1844285073
671655973
62124366
1563896176
1880418738
067988632X
399156135
042519891X
763619612
1599901676
425188930
60002107
1416918736

385340222
055329461X
1563895196
62102427
763655988
786932287
670031607
2266127748
1466867507
1402792808
575099127

1594561753
886773687
1930900244
1250010071
749934182
739429337

340830107
440867576
042520040X
747236380
399155015
1101874937
61240885

60598328
440222680
316156299
60935499
078691811X
312569033
60727217
1594489424
307354164

1408319462
9799731232
843958448
743294394
375409289

140187723
8370541240
385339526

1401235638

1904271359
316236535
1427817413
1612184650
822210789
449911942
553582909
688163653
553383051
803725507

1478314605
451528891
006228553X
375424482
142002046
3746611091
1442454148
743417321
307356361

812541626
241963745

2290011150
399157077
1456527738
042527067X
553573764
141311428
786838825
1841498874
151686564
1471132978

1565849930
1931514607
1591842247
312947062
743468406

805017224
810993236
60608528
345418484
345334310
076537708X
1841499005
1455500135
425153975
451456726
1492103748
752815393
044661002X
441010644
230744273
545010306
786868910
399157034
345516532

143039571

743225082
330353829
345505514
345808002
804138567
553341030
765357054
316101877
446603775
553383663
1933633638
698410424
441005667
425178579
440351839
159038363X
545208858
1501126229
061870986X
312949820
1402798431
440222702
380808080
1937053415
571297889
2841873900

316127191
764200119
62224859
671870114
312605382
1400041988
345322231
1905294964
1419176528
4770019572
545052424
385532458
140436030
399168796
345522028
312340702
743437810
399256156
310211883
62128027
316211222

786891122
345371984
439903440
1596436239
803739095
613321368X
62081861
399162178
425213617
043984665X

765336413
300115466
679456201
159184312X
61767603


439643635
156031566
425280101
62123742
425205967
385535309
486270645
446694258
543895882

8466302204
1250076420
141694737X
1421501708
399256180

1921794097
451475496
1250003334
553807722


345418468
679736395
1451657706
374379939
1439147973
486277909
312420331
380811960
879101369
1459245954
385732953
525953183
345396553
375701044

312983271
806501901
446554995
62116851
450837319
60540745
752860550
61714313
812992180
425247546
684804522
425219437
345418476
836217691


743406567
886775981
307589676
345376048
316033979
571199976
441653049
394720954

037581423X
802757693
399157212
449912450
1563890976
1841959111
1423160924

553295411
743236718
679826424
60882867
7201788
307957241
385344414

451458222
64400964
316014559
434017841
425263150
553584707
373210574
743294386
517223007
1401911846
446693790
345412214

60724501
743453026
809015803
688143202
1401218377
553805444
380820854
140009769X
1484148037
689839103
803740816
439568420
60932309
60837640
141181737
345539931
312421990
045147516X
425193942
1892213753
1460995457
446611913
439636485
425215679




694006513
385670516
812570812
553278118
1566562937
399156879
316230812
307021521
451226801
875421180
141185465
330425781
688040454
380818612
670024961
743422007
1416551050
618007016
1400078393
61779849
590462253
64440192
689851324
440240972
553563696
440225442
380000830
435124773
425199320
345338545
743484908
425127583
1423176375
544025830
141009829
375868704
241144159
805073663
1598163221
525425888
316058297
399237321
399158448
307269760
162266910X

373605692
743263065
345505670
141019999
1408857901
7302142
618658947
1439192987
1563894815
441013651
786888016
143036432

393081508
142401420
385341067
030723827X
1559362766
142409863
312348266
147679250X
1442152613

143037579
044023803X
333725034
60266880
671726528
1594487294
143039822
006098824X
545169178
055337849X
307591565
765330539
525952470
1401225667
1421501201
156029588
823404420
684842505
067172939X
553298046


61128856

141439777
439287197
142001821
937611352
159182236X
62020560
006082543X
61477958
1101874996
1101902760
446695696
142002062
521357306
1420925229
316030899


375836942

1250014409
312957572
316084220
1476717710
1405092726
292760280
1400067243
006053124X
1781106290
198245971

330351435
373776578
62310712
805090800

61701246
1442430001
553803077
316713732
62409204
1416505415
014310425X
312099436
140621318
557489563

140178139
446608890
786914041
439568331
765349655
425285049
747569118
446362662
345506391
446695718

778322602
345539478
525422439
345330137
778322335
1594631290
142402451
670022950
525444459
399169520
1414310587
9799625734

393079988
62430211

842365834
1841490237
1400079446
743466772
747595380
1483911896
435900668
006093140X
7191324
345434811
2226135022
1400034728
6499163
1599901102
543904709
140309276
059039696X
345456327
1400064112
345471016
553276328

316098108
749934417
60548266
689857950
312330340
1931514585
465023924
307336794
345418522
385340117
1563897504
1594482225

140317201
1439102392
1416909834
385354193
1468139339
1905802498

1421511835
1476766665
843949945
1581345267
62280708
505524473
1555976905
1585673927
006137587X
316787531
609809105

1897299214
451211472
1476764581
316912123
684841487
310286700
449003795
1449474195
1585676772
1416551603
1442402350
1423170288

743430344
385342608
60096187
307271072
1250095255
61573132
078915479X
140249435
1400069343
193481332X
60837381

345496876
805062882
743460529
1416532358
1400061261
076532153X
749934395
679723226
312947054
321525655
786927720
679601597
545141028
1591843529
62132466
312546564
553418602
439845823
375761411
446532754
375836888
671720147
1441213570
316216828
385720254
316068225
691024170
1595143920
553587080
609804138
375814701
60825316
345495969
031236847X
972212076X
425190447
575088877

415254086
2314576
1401200923
1416585834
312642717
7169922
141654786X
1416997962
671875965
385315546
1421820609
1250000238
451463803
2317850
553212559

679724621
618257322
1416530738
61784796
316701319
7331789
1605292885
158648303X
1592289444
515135062
1484715772
425215687
385534833
451199863
8188575658
778324907
1597800449
964913980X
385539126
151012377
1595145931
316211265
812970438
515121495
1561371734
743451791
763622583
679733973
192835203
156010593
345472446
62114611
842382895
394895894
375753834
802723462
1402271875
1250065941
1401204864
850515033
440539811
374324913
60777109
345518284
1607062607
440212812
192801694
375705104
857662937
380007789
006228567X
1439138338
615487424
345505492
525953086
618443363
670021792

1421513439
425067823

761129588
440221315
039925644X
074322423X
1453860959
1427818762
1591827582
60087803

1589190645


7350430
525444467
61671355
1250019672
312591837
440245273
9725681363

544920953
515142883

1402208766
2266120921
446582352
1444734148
375725768
080905101X

1421527618
395137195
802142400
679772677
142407089

1611130433
395570352
60519134
038081093X
872204227
312937660
61985880

1573225681
140050930
1477817158
1596434023
62286447
758211821
743292499
082031661X
802715354
380776162
543895149
844662925
141659485X
1442449632
380818809
446533424
62294806
758290411
1423166000
547225474
786937904
451200187
1582342156
61000019
312591829
9137126385
1423109600
081299325X
1400043336
8466309152
62271121
345543858
60724552

044619154X
1608190463
60560118
1501101536
804136572
441012914
1405201711
874869226
141187492
609809547
312241224
692572031

031604279X
451200829
61668125
316074233
140443487
1556525893
553820273
1607060221

679731210
785123288
671670689
425216594
425137562
765356163
684856069

312380828
525423346
316037834
307277712
9799625726
312313829
61059927
6513905
316084255
330517090

698184890

1611139856
439829127

142150331X
684803860
451215737
60928417
316219126
1579125743
1607061228
812536363

356502287
1401360211
1841497762
451475321
345418549

3426619148

380803240
345485793
141185538
684848287
307957276
195019059
743449673
9770148083
848809971
1576469115
006195795X
1512038563
812967194
470581786
140621733
743289803
440975344
449225151
156032732
778315339
60198818
1591846358
60892013
1481420763
1841959146
310214696
64431835
1416586571
842339655
688170277
312942303
61043559
739458736
425256758
039586786X
812968239
679747656
714847984
3822837032
1421531720
553574132
1607065967
887306667
125004734X
044021145X
679779175

857520199
393312801
684856360
375727434
62316869
1885167776

670878553
440867592
60724617
743218574
174275001X
811835928
785134530

886774632
067103264X
756401933
312539517
037377138X
688114490
006206777X
886774004
193361501X
590396439
778319334
62060759
61730327
140558640
076532699X
080417072X
425252868

345316509
375868429
1840232048
375724427

573613311
688172172
425197956
1101983795
9707311169
055339231X
1484705270
316781460
60838590
307588653
141383356


1595144293
330343475
385532350
152010661
1416978933
439670209
525456074
316369152


312983220

441008658


9770931357
316097462
1625173431
758216432
345451902
1569242739
142404241
670025488
785135820
60512180
1433502410

1559702028
374166854
307021106
140447970
1439157995

9793600691

778314189
399158278
60564679
765345013
451458621

1400030269
1451686579
451209133
159532402X
61438294
515142891
045121742X
684852225
1557830665
345450728

800871863
545142997
749934409
310245729
61727660
1501141511
1476762627
590396560
425197220
042521575X
62363603
1861977697
446500038
356501507
670064181
553499084
1406790273
7120680
61869724

1881273652
1400077095
042520300X
451528719
039575531X

60556579

1416566384
054529844X
1931514798
045146527X
1478927941
1408808870
749934433
60594772
440229081
1420926993
743268571
803741715
671700758
061871166X
385337639

140086838
307594165
1632156741
888994168
778314472
1582346178
62132520
802141323
1416516859
1576739759
553586386
080413717X
743484274
439108381
373250746
60938110
1591841003
756403146
039915776X
486270653
345340442
753819481
349400202

312949812
373212054
385755929
141006579
1594487154
451037707
718147715
553580302
749909056
1400066212
714840831
312966202
7191480
60267887

6499473

399162593
345528921
770435629
451460413

1591840538
62359983
451218469
765354934
042511984X
157322359X
316210986
330412744
380704420
61257052
1401210015
009949857X
515140880
1607063921
1582406987
156226006
671789457
20248717
373210051
023252078X
393324869
590396056

60733497
1416521836

297775340
312385188
1439183368
553582895
345423291
1416985794
452156610
1563896451
1841496057
440910811
316036064
1416577572
399170898
886773776
763628115
1455554596
399256202
1598185217

1401210821

689863624
1582408254

679733787
140248927
62422960
1563895684


60688246
307265722
758254091
545298431
385528078
843960434
99453452
009947915X
044900483X

718152433
425197395
451454243
743484193
425210812
441014763
553578553


525426361
60898526
345301110
60757639
380726297


425138232

60880120
451530098
345432401
62103733
330311735
763618985
886774268

425173909
1582404976
1421506297
785122133
375714499
670557110
192834401
330314920

312890176
812995228
743250451
395957761
316098124
689806981
61231428
1591169909
810949148
195170342
679783482
688172377
345467817

1861977166
316239992
1401204457
307730697
1434764338
385682824
345435753
340752459
1884214495
140189424
451209435
316176044
9381626715
140568190
1250039819
440240956
375435484
061858532X
1416936408
62311115
312939779
1926760689
1400049350
1591163595
60589353


61626317
1582870950
451234863

698400011
60525134
802131867
745917437
1593072953
7120842
042516098X
785267239
590590898
037321099X
375504877
081120958X
553100351
4103534230

60724560
140435476
312591845
385524927
142000957
1451672721
1554682746
60731427
141183047
1401232086
159448841X
425204332
1455525898
670022209
60723513
440244501
081091610X
891343377
1401213162
451461991
586026193
679450815

1450572375
156478214X
375424490
60827629

867199032
1439102414
1594206627
142333745X
670062405
345547497
810949792
399216197
316065765
140367357

671000314
62380877
62003941
425226735
1481404547
727853414
1423121716
802120202
345465296
1451655789
1533134138
1857231082
743487672
316113786
547229895
152024174
99448874
553264907
1476799202
670038318
749932945
1401212409
684800012
810993589
345519477
679736638
1580628362
345477480
184756190X

765309416
743217187
767901576

316014532

62338307
399158812
743435745
1936365537
1250019699
965913228
575073608

882706306
452264014
340863684
1250076927
6280943
1598878735
670016381

140284125
786901896
446402400
307272583
345495160
1421506262
1401324436
805080759
425183238
1476791619
62285505
718155181
006221635X
375758232
385613504
439717000
439441722
345530411
142002038
62291408
9649051759
141181362
618829253
1439133913
752865366
61944394
1467964409
804467250

1451650051
034553283X
805077642
393062627
446677167
739318926
425227944
038553504X

60827645
1400033888
452286107
140436146
043985802X

449206521
330487140
553447432


1447256239
449911608
375714677
618665455
1416554955
545054745
451190556

439925509
145210655X
068482471X
8370541291
042518546X
1599908735
812997530
751534552

006054094X
374386153
679767959
316211338
451210743
99464691
553290983
802170374
631231277


312187149


609804618
60521600
425212017
312997124
553374117
6473296
425243915
671739166
679724532
385338902
345324390
1442364459
575100133
802122515
374116342
890420254
6514944
312850530
1423183096
1413903177
803283857
385529376
034083384X
084394952X
1401200605
778313654
743292511
142500593
345507460
553803190

307393879
1405204664
006174266X
1400031605
440225450
380817934
802715524
451470893
446697435

1414358466
763644102
345477243
097496090X


1606840584
553807145
038070613X
446695645

812532597
006170654X
451412702
805423516
679772669

5559608475
60256575
60997028
345468694
373776985

886774012
1250010136
545415071
1416575642
340752475
842332359

399159312
399157700
679759328
452276721
553211587
1888009039
1250021529
044669570X
312147015
373210043
141319623
689717385
340682388

1416983309
345491149
149033274X
142401447
670020478
670025771
1484721349
1482658143
1416544186
345459210
345397673
375755195
62048546

671876465
312363044
1596914521
2246760011
62305190

345540875
61797081
679417370
1406507881
031609739X
441010288
778325644
014118616X
1475145578
689857977


670032085
671888587
307461181
140280464
446696161

385337388

439874025
039953346X
60007761
874778883
307270742
439395623
1451649916
446546313
037572737X
1442408626
345419391
156005204
688044026
1484709012
1857239407
345498208
1592400825

345476867
61728934
1410400964
042520426X
689849230
307459659
055358359X
61131644
385521723
763655996
761147489
446580856

84386874
385530803
1423168232
1405208198
99459051
081099478X
316611689
1931514941
075730334X
1612187005
380753022
62429973
192805622
486424529
758278438
1421506289
980003431
1250029880
019280474X
039458404X
312340710
803737203
805090053
1590388003

1935618040
006444001X
399158820
1555977073
316005274
374106681

758266944
439050235
1401341705

140097317
850515025
61160881
553262149
446500046
006000942X
765332000
62289241
743281640
810987880
312291450
1421515636
3499237709
62219685
152002650

3822859710
631227083
811879542
340894334
752849190
192723715
689875460
019283617X
1563890526
1401341764

749955910

1585678449
140132937
61998168
394839730
62333046

345379187
399155988
449911934
60562250
330344951
1250067847

1587672286
752858637
1565125525
140449213
1627761314
140294295
345479335
60519568
1416593381
1594205345
61043494
174348495X

60082097
1846058317
451463072

394758250
439673631
525954562
1401211038
886778441
786814179
156031612
345501748
316043001
743484258
425266869
62209841
076790284X
451236718
62007289
446610380
1613778538

307020754
618446877
345327861

60283246
034551128X
006245496X
316261246
312359667
1250002826
440220424
374299250
671038540

385342942
842386882
055299877X
140449442
307394999

125011117X
486437507
393307611
451163931
778325504
670020575
312571259
802135781
312576986
399154701
1423157311
802130917
156030373
1250077699
072324734X
606300538
9509051373
425223256
743254430
735102864
1439134340
1847376177
310240506
1937007294
755358783
345505719
345543122
1419717014

786813075
006178480X
571225365
802118585
62240196
451410815
1463756976
743262131
62277022
1620402750
61256684
385366434
543896609
399157239
671729403
756403014
1439156336
316899984
802472966
968709184
316701343
345417968
1401322905
156097432X
452275040
7350481
1419122126
62227327
99409968
1595828753

552551317
64440516
743235274

61990655
788720392
399160450
671725823
440409411
61767891

1416549978

1476778019
399157573
486275442
439679966
1476776075
031298328X
316032220
312989768
076534078X
345418530
517502917
425272354

140547126
62325345
805445528
140504206
1515303942
143035061
316002925
000741949X
451217454
545240778
044669567X
1400034698
553297988
1595541810
399164421
743431677
142501085
679761047
767921992
425161242
425178102
486434095
031234872X
014132063X
316909688
399162372
62081896
449138240
380008319
375834869
743231511
143036939
307716546
9792230300
876855966
312980388
1250054052

1451688385

345452887
9735004100

786886323
872862097
039915583X
99417472
99449897
679722017
044657449X

039916443X
553384104
425152898

1563897776
1908844965
805095837
451190521
743484355
1556520743
60596384
899190359


446539252
142002054
60594527

142437271
61238961
375836578
345495802
1595143378
1439172951
375423729
385333218
440236924
743457927
394758269
425255700

425157539
842339523
753510995
64401510
142302260
312983603
60653205
515122734
345454944
698193032
449214729
142003255
671733419
1423101952
385265565
2310015
8143676
142400580
1846164257
743430336
749391685
385526350
689855532
670021474
375751114
60751576
671723227
1563897229
307959880
9643113442
671019708
230015913
62333003
312965338
451465105
1406501069

1591826047
60859512

044101125X
739329189
62377183
198320043
380756277
743454154
140424504
62083392
297853260
159448144X
743200403
1857230310
1400065933
486287599
679723005
155970361X
62076116
1599901099

1439166641
61953385
547576722
067003472X
140422072
1414334095

62280562
671027638
976165910
803731558
375719202
067088278X
988262592
1250038820
547548109
038549422X
039306235X
743233212
1596912510
1440503257
147675571X
767923820
316094617
385529988
1857933362
1250034604
753821788
374249393

1599908441
162779073X
812508645
752848267
9646534783
915297019
1596434465
140441050
747589372
140376410

439568455


439568412
767928881
373211392

385535775
345418425
525422242
6161413
1400064996
451527291
749935081
1455559318
61134104
043933909X

147515025
743296788
009959241X
61732370
393313964
896214400
141659907X
1417642122
1904633684
316113573
147674906X
1401216862
385518684
446359688
055380717X
553807137
425136981
7256752
552548928
006199104X

60817321
144241314X
1439102430
441012396
679735259
307593495
2266071289
674024451
743484339
61939897
761117199
1416984488
679729453
006232540X
826328091
373210027
99437597

439858038
1550229788

1606841440
71373586
425237796
141993595X
375714685
1559363304
886779065
553593617
60988649
312858868
023070395X
1559362316
375724370
553582933

316406813
1477823484

345519515
020161622X
9799822939
356504263

142003808
1401219217
1592402739

316407038

385352093
440114330
679410503
394873335
1402245858
553589482
043932162X
895941228
316200980
9793210605
1250045630
399163603
374271569
618640142
312575939
1846054729
345444078
1416548483
1847673767
60097914
1426858329
688149006
547250258
60755806
60774126

743484304
439771242
316154385
749732105
385353774
380005255
380803275
1599904780
402366174
547738471
039474067X
1573458716
451201027
60514094
312286252
1573223565
812975294
375421874
553575422
618750436
067982412X


60779632
1421506270
1423116968
1451648448
078572902X
1595540547
1451697384
61714321

006095955X

034544177X
1857231031
60795484

1409522016
1414339364


1596434872
375703403
736423087
312352182
040405109X
044656432X
451199928
440243394
159523103X
345396685
307021858
034552666X

140003292X
394837363
1844285081
1563895285
1585101435
312546602
99436922
1613125348
000735049X
552143545
786939508
310210062
1439148015

1577344677
738703915
517219026
553806610
575097361
1439150001
60539097
446606243
316098868
7325940
451190548
821780654
451411528
857520660
590442872
375828192
373210329
316211176
553576798
803710402
345440781
156007479
380790076
425246957
1421500620
312346069
345524942


006173506X

778324516
1615731075
446699454
312932782
99461099
743428188

345354915
310263468
7245823
014013168X
62118692
425128164

374180652
1455530093
758232004
446550000
312932812
1400066124
61187844
439700418
1442472057
151010404
553819879
61128643
723247757
380752859
452298385
394757645
440208149
345476131
439846692
505525534
1476751447
1563895641
143036580
1846687756
60564784

1596435739
803740166
394800516
143917752X
671522817
1401210007
374299218
679776591
345484088
679457143
62071165
785229183
1932740082

143034669
8489163413

345299116

1416563067
054514096X
375870644
307021688
830737847
140156046
743457919
006147312X

446674575
755331427
1401202527
618065687
1400097037
1590384989
1479359084
300108834

1591826063
1416543074
385264666

067179437X
805098232
743482867
063407881X
449208397
60935782
1934169234
1481268503

1402271514
144240339X
1451673442

830819711
054705484X
1400068096
752853716

316010367
61094145

441005837
800733428
60560150
045122986X
7331908
1565547063
1627795944
765301075

1476717095
345434870
521010756
345548515
812694554
425227707
312594445
297869876
349117624
446615757
843950501
1563899299
345410092
1585425524
1501106406
1414336241
380713810
465016901
573613435
345354907
375424865
316182745
031024756X
330489674
374521506
140446362
034552795X
1476761663
142404624
20425651
62064223
1595540067
521626951
1455525928
375703713
1780890125
075824682X
1414310609
743253426
1414310579
1421536706
1841956724
4592184718
785229213
140014454
571234607
1250000246
1533344345
545010098

857382209
345484118
60815701

553282093
440240964
312537409
671010123
60899689
141697895X
1414310595
553535641
316011851
505525526
312875045
553803522

61351520
1401900127
61143316

785273220

689873794
1476745374
1419700278
373210337
3552060413
439783607
671019759
1400078970
140258612
142400017
1416589422
425176657
62021273
1439191379
671702505
1419702173
067173783X
1250065933

142501093
375829709

345520483
007148499X
380016648
425238199
439706378
316735507
62049879
312643004
451461525
937295809
571215289
1401226922
385721811
62279874
6478964
61043532
778324826
1582344515
812995341
399156828
1935089447
385733143
1847445209
441011136
1857988361
038534385X
7120710
1595328912
340796189
440210690
340796170
751505544
345480260
553248642
451451805
440900565
345537262



440246113
451463722
743496973
525477543
307273601
1414336063

719569516
385538510
552163295
441011241
1594487480

345545966
000224618X
553568019
440244056
399154388
014303653X
345419588
380803267
670913502
307393844
393346773
1905294425
316013315
451210468
785122451
60959517
1573451991
8756795459

7345631
1857232526
1936305380
1595542779
006156155X
006074068X
99366614
143035088
451216725
140437428
345339258
1595324097
785165630
553345397
349102627
61119067
1608196259
553293427
373773552
078510786X
1480207217

425189864
1572703857
553499165
60094893
143039326
8408057235

1595540075
1572703938
006212255X
014095144X
1927925169
786943408
345419383
068483376X
1400031001
1444736930


2081246333
399164448
689857705
375840907
006077407X
1250024102
051512608X
451199901
1449401163
307119483
373250118
044024160X
441014011
312656289
62318470
679434488
345436830
356508366
1782115080
307272095
1416563105
515124648
64408337
1427206058
670020869
9773990494
143035363
1594487871
385528086
60586370

525951369
375705198
1476706123
747598681
425208133
385538030
671004239
812508424
671877836
316197084
399170871
1451617852
312939167
300107897
140350411
802141900
743296885

1598160230
91933684
1596060204
615651011

981546269
60835273
1479372749
440993717
425174409
61779784
1476763127

140445501
140130821X
545448689
1847679447
1612629415
080507774X

446616427
694004928

743525876
441017088
688104649
446618756
942299795
078683661X
316261130
1417642165
374316414
743413075
62498533

345511565

670012254
571242448
671876813
1584230703
552139130
1593070209
037570387X
1682309819
441015670
804188246
373210272
60531258
805078983
184149593X
156010860
1400043921
1553379594
312351747
1101623209
553589458
425220168
61689378
1101965509
61767638
451464095
759530483
435122118
345476026
1563893150
380721643
758220367
038553292X
159308076X
60751584
1841493341
871297485
812508440

545654742
679783180
778316335
345478991
395861624
1416520406
842387439
1420103733

374518173
743299841
345483898
743297318
865475873
449004023
1563896273
547330790
61092037
034542705X
316010766

1416546022
62332589
62237381
345505697
689867468
307271862
316234559
345485602
399157301
571313248
141183721
765326582

679735720

141300515
038533379X
140435719
385475772
1455531189
988573229
812511751
316044733
671704656
61229776
399154213
575077166
1405915293
1401203507
64401499
143914799X
7201095
316358320
763612316
385347375
394719859
316043966
031624290X
345479173
749744812
439858046
1591826055

553580337
399156240
446580309
1622668995
140441638
804140847
1462003923
1416935711

399156046

340796154
330519476
1590304497
375701230
3822859834
385482388
451232682

451225090
1421515881
316196487

7158513
553286285
1422188612
1484724984
618250743

316115002


571198775
316115045
1451668201
333761189
451458265
425270696

553344862
1400096685
425182134
330411985
449014398
340895934
1590170571
142002801
034541800X
765312824
439998190

1555976719
006053284X
042528011X
1937248097
1421512025
446695661
517548233
1849013764
340911719

62413716
451452313
1250083214
765354705
955944686
1607063298
689855443
767904427
64404781
1612187145
394823958
749928999
330369032
765312921
374280606
891072926
525423052
439598443
679725318
1500607533
62198890
399234160
586057242
393329402
764223305
141185856
446677469
312555113
553283936
743226755
375758119
140504419
446676977
144244228X

1250034582
345472454
60776005
7325983
1401226965
1250045649

1406800163
785122583
575081562
142781404X

1401242340
871401541
2081208164
778313468
1476738963
525427651
553277405
553379011
1501105434
385539584
393321983
7154615
778324109
64440508
399160477
1591164435

735814864

307977935
394865707
230711251
671027581
1421534541
1518783872
140130138X
1607749726
399153942
62101315
99465647
1571316515
055329802X
307460444

61229695
717283534
1402179626
312380755
974461229
744592704
544303164
1414310552

875420281
778326438
307265781

802142109
1401324541
440236169
525952241
60931809
553582798

525426035
60827874
041330860X

380815923
1250058902
439858054

345533232
6640613
307720659
671578855
385327900

1421513242
752858653
1596430699
743225740
60874198
679824243
1573225053
9649007903
1516865871
752837214
142408654
307397874
1857984986
140297995
1401918743
312933525
689821816
517086034

60892056
380712040

545208874
60959681
425200280
670076082

62183591
039915731X
385741774
440863686
1481422340
670026476
5080039159
1439180962
545310032
307381269
307237907

425098605
9684114737
749908904

074341196X

385669852
1416927247
758272820
1442397144

446562424
143038389
184416294X

312263996
1421501929
316020729
156421356
545812542
394726251
345424646
043977733X

312651201
553807188
812998251
145165801X
505527847
140344438
316197041
811200418
641645473
451190564
60519592
1582349177
61935123
812976525
375509321

61458570
718154959
310328179
140565337
967089735
425204308
61148482
1596435712
61779768
1594487715
316012386
8807813025
1442486597
866114262
670026557

385413726
62320521
1421511304
743270606
145553322X
61431621
051703817X
451474473
1594745269
802734375
078511677X
1416583408
045123023X

739416383
679749845
1580050751
380795272
1408857391
60182989
312254997

60005777
1771641495
676979564

99282968
609805797
553153382
1857236653
778325806
804113475
679750150
312940661
764200739
739455834
385344422
2849659266
140255087
425176932
310257689
312651198
674017722

140143912
385425139
575113294
224079948
810983559
1416523723
441019455
067973371X
039330762X
61711527
375700455